910 493
970 458
974 478
996 410
944 409
945 499
936 451
972 465
912 444
923 495
975 462
908 462
969 479
943 478
939 405
918 419
948 462
979 479
980 415
991 470
986 438
950 412
902 498
943 470
998 424
916 420
949 404
963 485
917 463
989 443
914 440
950 467
973 461
964 403
920 480
916 436
944 432
944 497
987 456
980 482
953 482
906 486
999 426
922 416
990 448
980 444
969 488
941 497
980 409
963 459
971 464
998 444
911 428
953 405
980 476
928 437
969 430
982 486
993 426
971 419
998 433
922 447
972 465
943 406
959 476
940 451
918 404
944 500
934 417
932 451
906 463
981 470
911 406
933 411
938 421
979 478
938 460
904 463
995 475
905 461
922 413
974 460
918 434
931 493
947 431
921 441
994 416
989 423
913 497
990 432
937 436
954 410
984 408
944 405
998 447
1000 429
905 500
929 494
952 460
1000 428
962 491
910 447
972 488
900 409
937 404
953 496
922 493
977 437
938 413
976 437
920 402
980 415
970 466
991 400
942 405
962 449
962 455
982 498
906 455
912 468
992 450
915 455
967 481
913 435
939 486
940 457
913 432
901 467
906 492
918 403
963 476
976 455
935 448
912 476
903 445
970 479
922 441
908 420
972 492
993 436
977 436
948 417
960 438
969 500
918 462
915 480
983 433
967 460
946 446
935 416
900 483
922 460
913 411
919 462
962 490
908 458
906 407
917 497
976 476
992 473
981 434
959 467
997 411
938 404
957 496
919 408
953 486
911 460
925 465
943 467
933 488
940 454
934 469
938 464
933 472
989 436
974 444
971 414
970 444
929 500
982 488
944 430
946 496
916 449
964 436
982 495
913 485
947 470
963 428
912 449
950 476
990 452
912 434
965 427
993 429
939 411
974 457
900 455
976 500
973 410
919 442
991 421
926 443
990 445
957 427
996 433
944 423
989 416
971 483
971 444
949 423
977 418
953 442
928 459
1000 410
957 474
997 440
960 421
930 441
956 428
982 449
921 454
978 409
918 466
950 486
919 433
987 464
930 417
948 472
920 446
956 416
991 493
941 447
909 418
994 464
910 493
995 469
932 429
960 448
978 488
966 401
965 432
960 441
903 442
993 460
926 466
954 433
947 401
947 445
998 400
970 484
927 490
955 497
958 443
982 404
913 451
953 405
916 481
965 404
944 426
930 425
974 485
950 442
930 443
901 463
913 400
977 433
974 405
981 436
960 498
994 411
995 404
966 450
995 428
949 469
923 458
958 414
950 497
907 486
901 453
949 419
931 440
962 419
959 470
925 476
949 457
910 417
969 492
913 415
966 417
930 438
994 430
962 477
908 471
983 446
959 491
948 452
913 494
907 483
913 444
994 440
943 456
939 450
924 406
929 439
979 456
907 459
956 455
971 455
912 407
932 493
955 481
929 429
982 487
990 432
912 406
904 475
1000 429
999 456
972 473
928 431
981 416
905 444
950 454
990 423
964 443
901 490
900 436
985 410
962 415
967 420
939 408
915 429
922 467
977 444
949 497
948 500
925 408
946 468
949 478
948 425
999 483
930 458
952 442
967 483
918 404
947 426
985 469
944 407
927 488
993 426
910 446
933 418
966 500
934 493
914 451
926 445
989 462
927 436
982 408
916 413
986 427
984 410
926 435
964 410
939 486
984 415
955 447
925 419
988 419
944 500
905 421
974 440
900 431
943 409
976 423
973 468
951 400
958 457
946 481
902 456
927 482
996 493
978 432
940 437
991 482
909 443
902 449
968 432
946 432
999 489
978 440
974 494
912 490
943 469
913 482
1000 401
909 479
920 483
930 456
973 459
982 476
937 424
915 481
922 468
931 443
913 497
905 462
1000 464
990 464
988 471
993 415
919 467
959 400
933 428
962 433
907 477
984 493
942 449
941 497
976 433
989 427
957 487
933 447
969 472
909 484
925 469
925 450
990 403
991 477
908 416
928 463
921 460
949 453
985 442
913 475
998 423
955 450
966 427
991 430
942 404
924 434
983 497
961 411
926 417
924 449
968 469
981 484
971 428
964 480
935 445
967 403
967 446
902 424
913 430
935 468
945 490
997 450
974 445
924 480
914 425
952 469
956 406
928 412
996 479
934 477
986 494
964 451
971 455
934 453
964 480
931 484
931 429
971 432
940 438
995 430
959 458
989 481
962 431
968 491
917 432
1000 457
949 447
929 443
929 451
913 448
940 426
938 427
922 464
946 471
946 494
906 475
943 405
967 433
994 408
988 487
926 403
908 413
908 456
971 496
961 405
950 428
987 490
960 480
954 494
972 439
936 445
913 478
998 405
972 401
910 440
957 416
992 452
985 452
995 433
991 459
916 448
939 434
902 461
959 453
977 474
910 484
985 417
951 425
982 419
966 476
971 425
920 478
995 409
929 487
974 486
946 401
989 484
966 408
986 420
937 498
990 412
955 439
969 481
986 413
910 495
993 451
910 425
983 459
952 488
963 433
975 431
951 405
987 419
937 406
900 478
965 422
968 445
905 475
945 493
929 461
985 489
956 425
971 463
972 471
997 473
941 451
946 484
987 475
916 492
923 408
907 430
981 409
900 461
972 500
950 437
942 443
937 476
967 499
943 457
998 483
951 498
943 433
904 445
921 483
969 495
974 496
932 460
951 467
954 460
964 409
954 473
965 435
993 456
918 429
904 486
931 500
982 442
961 489
952 452
916 447
956 453
988 419
939 415
938 491
946 410
952 446
904 427
939 462
978 491
969 416
935 495
916 436
919 457
917 467
997 473
901 403
967 401
944 437
926 479
986 493
928 425
939 492
966 418
915 430
907 447
903 416
936 483
950 401
953 455
982 500
930 476
904 489
930 471
935 435
936 483
925 471
955 478
929 422
906 449
999 460
916 444
973 477
911 423
932 447
935 463
925 495
947 478
920 445
928 493
921 450
965 480
985 433
909 482
998 482
917 420
937 413
943 462
922 449
933 454
980 480
930 466
961 473
919 465
991 494
960 449
906 424
975 498
979 434
948 473
924 414
948 435
951 400
919 500
936 480
903 406
935 465
907 490
991 424
985 483
992 400
994 417
960 496
934 418
972 467
909 463
947 474
997 434
985 447
978 407
967 491
908 442
919 472
932 498
956 453
936 480
932 478
923 435
955 425
994 454
926 426
933 478
909 486
928 471
932 445
900 411
928 466
923 453
930 494
966 495
942 435
911 449
1000 494
969 400
959 411
934 476
908 419
972 459
923 494
967 453
994 451
1000 405
951 451
925 418
975 419
984 471
956 438
989 428
946 432
948 473
902 417
994 412
986 435
906 449
961 440
944 416
998 440
925 426
913 482
904 466
953 440
905 456
978 479
991 433
928 482
933 463
927 460
971 448
960 453
972 450
907 432
934 403
979 414
904 416
911 496
993 451
922 413
972 475
983 444
970 403
940 490
993 472
972 444
936 409
937 482
930 490
977 461
970 440
929 421
994 475
963 430
983 458
934 411
909 477
958 500
924 458
981 443
931 464
958 450
903 471
928 445
900 491
941 491
940 403
992 411
953 441
931 413
977 478
920 484
926 492
999 433
983 458
961 483
986 499
974 459
981 493
965 407
907 487
930 476
963 483
999 400
938 422
938 468
910 427
958 489
970 500
963 402
996 480
981 420
965 471
914 440
934 412
909 413
949 444
986 402
942 492
929 441
988 477
930 434
907 408
995 486
919 432
997 447
949 437
975 441
994 426
910 460
900 462
945 484
919 468
937 477
974 478
963 441
969 486
924 458
919 494
982 490
911 493
989 471
926 487
999 424
900 435
1000 430
983 407
959 475
968 427
981 479
924 498
939 492
977 454
909 489
985 424
976 449
960 464
928 467
937 414
990 482
937 483
905 425
969 485
913 455
965 431
913 491
969 410
923 459
901 478
992 449
912 441
929 470
915 412
989 420
928 472
928 499
972 447
1000 419
948 406
982 488
966 488
926 411
942 457
916 473
939 440
967 443
948 463
920 435
961 475
936 474
951 434
945 421
946 492
982 478
902 495
901 400
930 500
939 490
903 474
939 447
996 426
904 462
988 475
981 461
909 499
908 471
984 493
922 449
911 470
994 400
957 447
901 444
902 480
918 446
950 420
982 434
933 450
991 452
937 500
967 402
924 442
903 484
949 469
905 442
935 440
931 478
931 481
929 432
935 436
989 440
955 465
980 480
943 400
945 426
920 431
919 496
999 452
969 483
946 470
916 426
937 452
990 497
999 487
918 484
976 467
947 459
942 459
900 407
917 451
934 469
905 459
968 496
986 500
989 430
941 412
917 425
974 500
959 410
932 462
995 430
952 500
969 492
986 464
994 462
919 494
948 454
959 499
962 439
933 471
941 410
950 408
955 436
930 411
993 428
946 475
937 463
985 458
920 414
947 421
996 431
1000 402
933 469
913 473
923 414
931 460
928 449
915 461
969 465
944 497
910 428
956 482
938 439
918 410
948 428
996 427
955 434
927 423
961 403
966 420
959 485
967 450
953 464
930 452
985 480
998 474
907 410
994 445
925 404
